average distance
73864.00150170487
137577.8791353672
5803.33320396334
10352.502566744437
347861.10527889594
153753.63127611778
28704.82806445914
276360.75352025457
9306.850055546574
521.0360723813891
477.76249329557044
367.65678979493305
2495.684642184918
1220.1125388500923
5414.5479369292325
8106.862681132607
7603.032305131101
18651.147020366123
852.5074188729961
26003.575421993228
1278.6506462365205
537.9335741787847
2034.327105060178
6915.150734703848
921.8037479544819
23631.761378727635
22073.14929953661
1757.0998566349404
1188.891166167312
2665.6570503457583
2651.3384117915552
531.8881936120738
1409.048408513235
22880.283865069272
13761.048585104596
17865.518839276527
35928.25905341436
14870.134677389859
14650.960889250186
8769.1976336154
7768.624683349682
38301.23115734038
8015.538829873993
1870.9787721960058
54.5702173517919
5077.458275918614
22058.793717775578
961481.949170191
20373.729603037293
46662.360171692104
126260.48891203554
14545.470241676407
51452.943854015386
35879.36240230983
44387.54483608104
8213.371835036836
3773.456234027385
27482.99575797273
14521.381051228833
22379.00151739337
144086.56077016232
11854.90966989953
395.2060921655378
25158.376143201287
1568.2917161624569
21627.000556094365
521.4128050593728
65571.054635729
921.1398335936835
21943.766305769608
1313.7940794758674
1556.36165257393
33362.98205048036
1044.3909490787892
10505.848987458121
7385.712291975148
30264.865247760932
13144.376319314722
282798.03194568574
59033.52022729439
74994.18841521966
2405420.9997016774
25948.933695473912
1570.7072401537068
30979.125735085247
28434.751905406694
45983.80343632757
56903.03011074665
2152.337616428298
25929.685845217635
1990.5844991100664
11641.748272211053
92250.55825416563
38.2380787878091
1172.1705165033022
31298.688595453204
16663.64545811395
2051.9144833680216
61315.0559882921
26233.1789090726
21699.338272668963
990.6292501143878
33696.228024405056
34360.00601951284
17917.385589544116
5516.9405688442
2519.1879957284177
3495.532292443243
40418.597334812745
7621.182207520063
351.5406357261411
13751.749835925675
12208.81990761915
1205.7522028334215
13486.931948936986
4729.015127043424
18253.96851387036
7313.430596436256
1291.6712175364464
71068.89463398668
111335.53397774912
58423.892460603456
1171.3073163852278
589.535786966908
1852.4170988880737
312.58971280561786
31283.19372710867
128229.09457162982
18742.725353966714
230617.81799241298
188745.77719258753
101388.32372804354
2496.674726165869
236487.63842084887
122973.05277572545
843450.5209218987
199208.720606177
1000.3477939887584
17188.123922086532
45698.676178940535
55269.377192472406
43338.56431964908
9709.735415909303
66426.63315493574
111466.5316676738
92850.91314732986
566.0006438840163
73414.94839269706
24387.179773199874
202008.90699564532
19786.94438080727
52896.71701009166
32759.59141757391
61616.10499465403
39961.85714885045
45614.42750921838
16785.611119821955
6797.713471489457
55072.78873001332
52125.10370868537
16079.05535503989
38445.17265116905
28716.7999398394
15085.467486757883
19423.831039670586
13660.178903309059
6720.991609313072
45725.48531476865
22085.228502250604
107836.4478487038
62640.05317140897
7655.429499493717
11275.064640310102
481.70443767428145
115463.84447925517
81092.98509740077
99051.4628602024
9270.87118146151
878911.1999396872
14788.511846468362
687373.45633411
117620.30739715656
23738.21115844693
90730.15718283228
53551.07442926578
2651.686983445186
3011.2924635420914
185864.4408680793
57656.472023995266
53758.21413958646
23885.61587884742
122325.58453631114
3603.8491921719374
91.98995772778366
108460.39870933122
118186.55307479682
771.4703827858751
17913.04032962844
24112.45658461372
2352431.8660798823
86166.31806657836
43140.60340057287
146246.54626155915
14751.893821768053
1649.892019868648
109174.30396040913
3488998.5529045835
20633.694131548113
930.5169065777545
152843.2923206749
66171.1811235079
121393.47916512204
23965.612572259757
1079.0
109454.60285187239
156221.72973340884
76531.96514305047
1925497.1910147155
12113.745891837454
30626.89016454117
66519.89792276037
10620.609666076873
14629.31890719622
42910.07898257458
30625.279648330117
26341.492260555948
34082.99702073595
142105.60915440964
45920.826366873196
100183.80878240165
70433.00647580721
3403.1066068580594
104634.58782931218
26277.311202435536
298540.14779278537
180115.31733126577
28442.96386760921
73198.35120589379
11254.428132439734
231.97458230913742
121059.36218409614
140132.0825037936
178170.5361248274
342070.6224921168
5536.138826236727
56368.063275987704
44611.68314328058
3356.1375057648575
1311743.7800599076
81471.61297342385
2548.37289688251
38451.741245219004
1955.190157662988
38100.254548524244
90152.91914977109
2157.361958839287
2160.951946169421
6905.965735833879
1524.7008568547794
2071.13908837918
2146.2057458719655
2379.4182471431886
23417.938762219706
29186.037646872843
974140.9177786163
2466.144196085417
1104.5529417287635
2274.447326211186
3563.509453492743
66206.26577352508
83930.30348588132
3384.6743837151944
19316.080934943377
10788.596224337223
41283.94408736675
15886.252212073785
5328.504198923496
1054.9511958787305
1631.5119097460101
65646.34268831369
189631.4875378836
44310.21709613733
141623.0015502152
129.1239714383042
51738.025831953506
1201.0798051728336
8386.981212001983
1862.533712811937
2695.0457939585353
1730.2479487661712
835.5375200583096
25057.065883538435
39709.79424052245
277684.8020740815
3973.271701453299
30613.602112822697
54073.48996357641
48130.101475306605
21245.048662040947
4682.844164735802
2809.976340632772
164754.2776358568
14543.651953681692
1026.674415380278
1803.776504161328
8443.056991498976
34809.1326047405
170446.53156551433
93926.1800976803
205476.2832279188
298994.98093778
245110.03090087042
135764.65891968936
156833.39829379454
111348.29796470903
989.3838885145751
208755.5199081959
2651.9284477368583
178901.99725076708
38306.245667717754
629138.7593354604
37117.46572429816
99900.8689727919
115013.63395395526
35295.562205071044
76759.80541176631
420368.83953606733
18914.95676999438
214134.50063940135
164085.73072373602
151622.68277832278
16844.48188020825
71781.2367236811
28822.081163459818
2144.2942647921054
76937.60302914085
45465.76765477052
158101.90690931535
36988.914107681
740178.2490584945
156000.81546696738
248385.99197742704
1647067.0507577728
9735.478086483528
107617.30882370859
181268.95643395485
1136.071903174882
2043475.751975057
21425.95193660367
1837891.5629857108
8195.676505911444
1295091.7398388688
45804.24509187854
91626.21822428706
61725.39166042028
12059.879737223991
361132.5627829247
50768.7281024703
13692.896872756693
178721.46838830097
38605.42514390359
816495.5989982391
182487.71990851237
160943.37290078762
93903.04568181478
281723.4381203723
394842.1387238811
35317.24443741414
8800.952847757693
318399.3285117569
138608.59447470077
20100.067428710707
115040.62618373413
46122.733227333345
137072.219183133
12601.657449376566
23903.2021984861
10019.048186102482
11805.62385176593
26827.94861583377
12444.140596163461
164513.01394056357
6067.323690999039
21345.413939804217
30336.547526767867
92190.5029744303
6518.661935979336
47063.702598236
80339.29982556582
29999.31547427835
25702.225811963373
17789.218354262044
149973.6661690165
620350.6512740052
22759.130437277803
102990.75154237724
48728.03744097161
1955.6389351636421
11122.31539131103
27939.019248360622
1435204.802080714
92215.06546683039
393464.48942729714
272566.62257008645
22642.35573442325
1404282.8512536907
333184.1904496066
72970.73823666458
10920.609952918738
205504.00667895726
35780.19867465646
68884.34983369899
1653408.0268865593
1072551.434542736
15610.172692919918
17690.427034779626
40196.77061560246
19551.06580505159
91762.53118080444
40049.028605309315
14340.824969246467
90834.07507910568
180382.0003499485
2667210.63005078
8677.432418083123
169687.82332364787
130966.83646913232
85480.72659192485
69629.75053885189
89930.26731633242
193642.38762263148
